1024 101.33
5120 298.88
9216 376.46
13312 429.80
17408 450.21
21504 473.96
25600 490.16
29696 493.75
33792 508.97
37888 521.35
41984 527.38
46080 532.31
50176 534.93
54272 561.57
58368 534.78
62464 543.34
66560 547.15
70656 547.20
74752 572.41
78848 557.02
82944 552.12
87040 552.09
91136 554.21
95232 553.89
99328 562.83
103424 561.54
107520 562.78
111616 562.69
115712 564.25
119808 569.48
123904 564.26
128000 545.44
132096 564.21
136192 566.68
140288 565.57
144384 566.86
148480 564.01
152576 572.73
156672 565.51
160768 566.81
164864 569.13
168960 575.54
173056 573.08
177152 570.95
181248 578.88
185344 571.83
189440 562.97
193536 573.01
197632 564.53
201728 558.60
205824 563.94
209920 569.78
214016 576.99
218112 574.43
222208 572.37
226304 560.83
230400 580.85
234496 583.12
238592 577.31
242688 565.95
246784 577.14
250880 578.76
254976 573.68
259072 576.44
263168 577.05
267264 576.51
271360 578.48
275456 578.14
279552 576.51
283648 564.66
287744 594.27
291840 573.60
295936 580.94
300032 577.93
304128 578.85
308224 574.43
312320 574.71
316416 582.34
320512 578.45
324608 578.58
328704 580.21
332800 577.56
336896 579.50
340992 578.82
345088 578.54
349184 582.66
353280 580.28
357376 573.54
361472 581.13
365568 580.36
369664 575.11
373760 583.42
377856 577.44
381952 580.68
386048 580.49
390144 579.84
394240 592.82
398336 582.16
402432 579.17
406528 582.32
410624 579.96
414720 577.07
418816 580.28
422912 579.03
427008 580.74
431104 579.05
435200 582.40
439296 580.58
443392 578.56
447488 580.97
451584 590.80
455680 581.16
459776 581.04
463872 580.57
467968 581.39
472064 581.48
476160 573.47
480256 578.62
484352 579.48
488448 583.35
492544 604.14
496640 581.53
500736 577.26
504832 593.79
508928 580.08
513024 579.00
517120 585.62
521216 581.99
525312 578.61
529408 583.68
533504 579.55
537600 583.59
541696 580.69
545792 582.18
549888 576.17
553984 583.79
558080 581.80
562176 595.18
566272 585.72
570368 581.68
574464 560.77
578560 586.75
582656 580.09
586752 586.07
590848 582.78
594944 595.04
599040 584.83
603136 586.98
607232 582.85
611328 586.22
615424 577.41
619520 582.75
623616 580.04
627712 587.25
631808 578.98
635904 583.03
640000 583.23
644096 582.60
648192 585.27
652288 581.38
656384 583.11
660480 587.20
664576 584.46
668672 585.29
672768 574.66
676864 580.66
680960 584.52
685056 586.24
689152 583.24
693248 594.27
697344 583.18
701440 585.56
705536 585.70
709632 570.74
713728 583.49
717824 596.61
721920 580.86
726016 581.68
730112 583.37
734208 589.40
738304 594.63
742400 586.90
746496 585.13
750592 586.66
754688 589.51
758784 583.98
762880 583.69
766976 583.39
771072 584.40
775168 585.50
779264 580.58
783360 585.29
787456 585.97
791552 588.12
795648 586.80
799744 586.17
803840 585.13
807936 579.64
812032 589.49
816128 585.23
820224 574.02
824320 591.53
828416 580.99
832512 582.24
836608 584.87
840704 574.16
844800 579.12
848896 575.60
852992 583.68
857088 584.28
861184 594.02
865280 585.40
869376 584.15
873472 582.06
877568 583.24
881664 587.04
885760 587.06
889856 586.89
893952 594.16
898048 584.24
902144 587.70
906240 576.26
910336 593.45
914432 584.35
918528 589.03
922624 580.46
926720 586.61
930816 595.67
934912 584.65
939008 584.33
943104 583.75
947200 587.60
951296 582.11
955392 582.35
959488 584.39
963584 582.00
967680 587.71
971776 589.55
975872 582.30
979968 583.81
984064 585.90
988160 572.33
992256 578.57
996352 574.17
1000448 588.43
1004544 584.70
1008640 582.72
1012736 581.64
1016832 582.31
1020928 588.34
1025024 582.92
1029120 586.40
1033216 582.20
1037312 582.31
1041408 582.34
1045504 581.15
1049600 583.78
1053696 583.83
1057792 584.66
1061888 578.70
1065984 572.41
1070080 582.51
1074176 588.51
1078272 584.69
1082368 582.43
1086464 586.11
1090560 584.89
1094656 574.84
1098752 596.32
1102848 584.72
1106944 582.50
1111040 584.84
1115136 585.03
1119232 563.17
1123328 580.37
1127424 579.49
1131520 584.73
1135616 584.90
1139712 580.51
1143808 594.43
1147904 584.07
1152000 585.14
1156096 581.57
1160192 585.16
1164288 586.08
1168384 569.43
1172480 589.42
1176576 590.55
1180672 585.00
1184768 584.40
1188864 585.37
1192960 581.87
1197056 585.65
1201152 585.10
1205248 585.48
1209344 585.18
1213440 578.53
1217536 585.25
1221632 578.20
1225728 590.12
1229824 594.78
1233920 578.25
1238016 587.23
1242112 578.24
1246208 588.24
1250304 586.09
1254400 582.30
1258496 586.69
1262592 588.41
1266688 584.24
1270784 585.22
1274880 586.75
1278976 590.02
1283072 577.01
1287168 586.54
1291264 587.03
1295360 586.84
1299456 584.99
1303552 587.44
1307648 581.15
1311744 577.71
1315840 582.74
1319936 588.09
1324032 577.29
1328128 585.14
1332224 574.70
1336320 585.31
1340416 586.46
1344512 582.58
1348608 582.57
1352704 588.19
1356800 594.97
1360896 583.61
1364992 580.62
1369088 585.33
1373184 584.31
1377280 584.25
1381376 585.13
1385472 587.24
1389568 579.36
1393664 585.77
1397760 582.75
1401856 587.64
1405952 587.34
1410048 583.60
1414144 591.57
1418240 586.97
1422336 583.68
1426432 581.02
1430528 585.57
1434624 593.52
1438720 572.67
1442816 586.03
1446912 583.43
1451008 593.49
1455104 582.86
1459200 577.39
1463296 588.18
1467392 584.41
1471488 581.82
1475584 582.31
1479680 586.93
1483776 582.91
1487872 588.56
1491968 583.09
1496064 583.01
1500160 590.65
1504256 585.61
1508352 582.60
1512448 582.95
1516544 583.39
1520640 589.95
1524736 585.26
1528832 576.89
1532928 583.21
1537024 585.72
1541120 585.78
1545216 583.51
1549312 576.43
1553408 585.83
1557504 585.76
1561600 586.05
1565696 587.17
1569792 584.44
1573888 592.70
1577984 579.40
1582080 587.36
1586176 589.88
1590272 580.66
1594368 585.25
1598464 584.50
1602560 589.01
1606656 587.16
1610752 594.00
1614848 577.98
1618944 586.16
1623040 586.28
1627136 577.57
1631232 590.39
1635328 583.47
1639424 585.76
1643520 590.50
1647616 582.39
1651712 582.48
1655808 585.81
1659904 585.39
1664000 589.79
1668096 583.28
1672192 583.91
1676288 585.64
1680384 586.57
1684480 583.26
1688576 586.30
1692672 589.25
1696768 577.64
1700864 585.90
1704960 586.00
1709056 585.75
1713152 585.89
1717248 576.99
1721344 590.09
1725440 580.26
1729536 582.73
1733632 588.95
1737728 587.01
1741824 587.42
1745920 582.56
1750016 586.05
1754112 580.09
1758208 579.18
1762304 584.24
1766400 588.45
1770496 584.38
1774592 586.66
1778688 586.36
1782784 577.43
1786880 586.28
1790976 588.51
1795072 586.39
1799168 585.99
1803264 588.33
1807360 585.76
1811456 592.64
1815552 589.68
1819648 585.46
1823744 584.16
1827840 585.50
1831936 587.90
1836032 588.91
1840128 586.81
1844224 586.05
1848320 584.54
1852416 588.54
1856512 589.95
1860608 585.56
1864704 584.38
1868800 584.84
1872896 587.77
1876992 583.60
1881088 580.62
1885184 583.61
1889280 583.42
1893376 592.62
1897472 586.28
1901568 586.17
1905664 584.01
1909760 586.23
1913856 588.37
1917952 585.45
1922048 589.03
1926144 589.43
1930240 589.85
1934336 592.22
1938432 586.25
1942528 585.82
1946624 586.23
1950720 578.81
1954816 584.90
1958912 588.33
1963008 591.19
1967104 591.81
1971200 586.39
1975296 589.71
1979392 585.33
1983488 587.30
1987584 587.70
1991680 586.13
1995776 589.57
1999872 586.03
2003968 590.17
2008064 586.23
2012160 591.54
2016256 586.24
2020352 585.10
2024448 583.85
2028544 586.18
2032640 584.14
2036736 580.47
2040832 589.78
2044928 586.24
2049024 584.67
2053120 581.27
2057216 586.00
2061312 585.57
2065408 586.33
2069504 585.95
2073600 586.48
2077696 581.75
2081792 586.26
2085888 586.16
2089984 586.31
2094080 590.57
